M 121 208 138 224 0
A 121 226 138 242 0
R 121 244 138 257 0
C 121 258 138 272 0
M 121 281 138 297 0
O 121 301 138 318 0
N 121 321 138 337 0
G 121 340 138 355 0
M 121 358 138 385 0
U 121 387 138 402 0
D 1283 2683 1332 2728 0
a 1332 2683 1361 2712 0
v 1365 2683 1390 2710 0
i 1393 2683 1409 2727 0
d 1410 2683 1446 2731 0
S 1460 2682 1493 2728 0
c 1492 2683 1514 2710 0
h 1514 2682 1544 2731 0
u 1548 2683 1576 2710 0
ﬂ 1567 2666 1629 2731 0
a 1632 2682 1660 2712 0
n 1664 2683 1692 2710 0
d 1695 2683 1732 2731 0
R 1745 2683 1784 2727 0
o 1785 2682 1808 2710 0
b 1813 2682 1840 2731 0
e 1843 2682 1865 2710 0
r 1867 2682 1889 2710 0
t 1890 2682 1910 2716 0
S 1926 2682 1959 2728 0
t 1957 2682 1977 2716 0
. 1976 2682 1983 2689 0
L 2009 2683 2044 2727 0
a 2047 2682 2071 2711 0
u 2076 2682 2104 2710 0
i 2108 2682 2125 2726 0
s 2124 2682 2142 2711 0
C 198 2421 342 2620 0
E 358 2425 454 2570 0
N 461 2422 596 2570 0
T 603 2425 712 2570 0
M 721 2424 968 2570 0
L 971 2424 1067 2570 0
I 1073 2425 1128 2569 0
Z 1137 2425 1245 2570 0
A 1242 2425 1377 2569 0
T 1365 2425 1474 2570 0
I 1484 2425 1539 2569 0
O 1549 2422 1673 2573 0
N 1681 2422 1817 2569 0
V 1882 2422 2021 2570 0
S 2021 2422 2098 2572 0
. 2113 2422 2147 2456 0
D 241 2194 412 2389 0
E 423 2195 519 2341 0
C 528 2193 638 2343 0
E 650 2196 746 2340 0
N 753 2193 885 2340 0
T 895 2196 1005 2341 0
M 1014 2195 1261 2341 0
L 1263 2195 1359 2340 0
I 1365 2196 1420 2340 0
Z 1429 2196 1537 2341 0
A 1535 2196 1669 2340 0
T 1657 2196 1767 2341 0
I 1776 2196 1831 2340 0
O 1841 2193 1966 2343 0
N 1974 2193 2109 2340 0
o 186 2011 279 2124 0
r 287 2013 352 2122 0
A 405 2013 540 2158 0
P 542 2013 616 2122 0
P 623 2013 697 2122 0
L 704 2013 777 2122 0
I 781 2013 823 2122 0
C 831 2011 914 2124 0
A 916 2013 1018 2122 0
T 1009 2013 1092 2123 0
I 1099 2013 1141 2122 0
O 1148 2011 1242 2124 0
N 1248 2011 1351 2122 0
S 1412 2010 1489 2161 0
O 1501 2011 1595 2124 0
F 1603 2013 1668 2123 0
T 1677 2013 1760 2123 0
W 1764 2011 1918 2122 0
A 1897 2013 1999 2122 0
M 2001 2012 2167 2123 0
W 380 1862 428 1910 0
h 426 1864 457 1912 0
i 463 1864 481 1912 0
c 481 1862 508 1898 0
h 507 1864 539 1912 0
e 542 1862 572 1898 0
v 575 1862 603 1898 0
e 602 1862 632 1898 0
r 633 1864 658 1898 0
w 681 1862 723 1897 0
a 722 1862 753 1898 0
y 750 1849 789 1898 0
t 274 1783 299 1828 0
h 299 1784 329 1833 0
e 333 1783 362 1819 0
I 384 1784 411 1831 0
T 413 1784 444 1831 0
d 462 1783 497 1833 0
e 497 1783 526 1819 0
p 524 1770 559 1819 0
a 563 1783 594 1819 0
n 596 1783 647 1827 0
m 646 1784 693 1819 0
e 697 1783 726 1819 0
n 728 1784 759 1819 0
t 764 1783 789 1827 0
c 265 1704 292 1740 0
h 292 1704 323 1754 0
o 327 1704 357 1739 0
o 360 1704 391 1740 0
s 391 1704 417 1739 0
e 420 1704 449 1739 0
s 449 1704 474 1740 0
, 472 1696 488 1714 0
t 519 1704 543 1748 0
h 542 1704 574 1753 0
e 577 1704 607 1740 0
r 630 1705 655 1739 0
e 652 1704 682 1740 0
s 681 1704 707 1739 0
u 710 1704 741 1739 0
l 744 1704 762 1753 0
t 765 1704 789 1748 0
s 304 1624 329 1660 0
h 332 1625 362 1674 0
o 366 1624 397 1660 0
u 400 1624 431 1660 0
l 435 1624 452 1674 0
d 453 1624 487 1674 0
n 509 1625 540 1660 0
e 544 1624 573 1660 0
v 576 1624 604 1660 0
e 603 1624 633 1661 0
r 634 1625 660 1660 0
l 680 1624 697 1674 0
o 698 1624 729 1660 0
s 729 1624 755 1660 0
e 758 1624 787 1660 0
s 304 1545 329 1581 0
i 334 1546 352 1595 0
g 349 1532 385 1581 0
h 385 1545 416 1595 0
t 423 1545 446 1590 0
o 468 1545 499 1581 0
f 492 1533 528 1595 0
t 547 1545 571 1590 0
h 571 1546 602 1595 0
e 606 1545 635 1581 0
u 659 1545 690 1581 0
s 691 1545 716 1581 0
e 719 1545 749 1581 0
n 750 1545 782 1581 0
~ 384 775 746 1009 0
~ 805 717 808 1911 0
H 831 1875 867 1909 0
i 871 1875 881 1909 0
s 885 1875 898 1896 0
t 903 1875 916 1899 0
o 919 1875 939 1896 0
r 944 1875 959 1897 0
i 962 1876 971 1909 0
c 975 1875 993 1896 0
a 996 1875 1015 1896 0
l 1016 1876 1027 1911 0
l 1030 1875 1040 1911 0
y 1042 1863 1065 1896 0
, 1064 1870 1070 1882 0
i 1108 1875 1117 1909 0
n 1121 1875 1144 1897 0
f 1148 1875 1167 1911 0
o 1164 1875 1185 1896 0
r 1189 1875 1204 1897 0
m 1207 1875 1243 1896 0
a 1247 1875 1266 1896 0
t 1268 1875 1281 1899 0
i 1285 1875 1294 1909 0
o 1298 1875 1319 1896 0
n 1324 1875 1347 1897 0
t 1382 1875 1395 1899 0
e 1398 1875 1416 1896 0
c 1419 1875 1437 1896 0
h 1439 1875 1463 1911 0
n 1467 1875 1490 1897 0
o 1494 1875 1515 1896 0
l 1519 1875 1529 1911 0
o 1533 1875 1554 1896 0
g 1558 1862 1579 1896 0
y 1580 1863 1602 1896 0
d 1636 1875 1659 1911 0
e 1662 1875 1679 1896 0
p 1682 1863 1705 1897 0
a 1709 1875 1728 1896 0
r 1730 1876 1745 1897 0
t 1748 1875 1761 1899 0
m 1764 1875 1801 1897 0
e 1805 1875 1822 1896 0
n 1826 1875 1849 1896 0
t 1853 1875 1866 1899 0
s 1869 1875 1882 1896 0
h 1917 1876 1941 1911 0
a 1944 1875 1963 1896 0
v 1964 1875 1986 1896 0
e 1988 1875 2005 1896 0
c 2040 1875 2058 1896 0
y 2060 1863 2082 1896 0
c 2084 1875 2101 1896 0
l 2104 1875 2114 1911 0
e 2118 1875 2135 1896 0
d 2139 1875 2162 1911 0
b 831 1771 853 1807 0
e 856 1771 873 1792 0
m 876 1771 923 1794 0
e 924 1771 941 1792 0
e 944 1771 961 1792 0
n 964 1771 987 1792 0
c 1007 1771 1025 1792 0
e 1027 1771 1044 1792 0
n 1047 1771 1070 1792 0
t 1073 1771 1086 1794 0
r 1088 1771 1103 1792 0
a 1105 1771 1123 1792 0
l 1125 1771 1135 1807 0
i 1138 1771 1147 1804 0
z 1150 1771 1167 1792 0
e 1169 1771 1186 1792 0
d 1189 1771 1212 1807 0
a 1231 1771 1249 1792 0
n 1251 1771 1274 1792 0
d 1277 1770 1301 1807 0
d 1319 1770 1342 1807 0
a 1345 1771 1383 1792 0
e 1385 1771 1402 1792 0
n 1405 1771 1428 1792 0
t 1431 1771 1444 1795 0
r 1447 1771 1461 1792 0
a 1463 1771 1482 1792 0
l 1483 1771 1493 1807 0
i 1496 1771 1505 1804 0
z 1508 1771 1526 1792 0
e 1527 1771 1544 1792 0
d 1547 1770 1570 1807 0
a 1589 1771 1607 1792 0
p 1609 1758 1631 1793 0
p 1634 1758 1657 1792 0
l 1660 1771 1669 1807 0
i 1673 1771 1682 1805 0
c 1685 1771 1704 1792 0
a 1705 1771 1724 1792 0
t 1726 1771 1739 1794 0
i 1741 1771 1751 1804 0
o 1754 1771 1775 1792 0
n 1778 1771 1802 1792 0
s 1821 1771 1834 1792 0
o 1837 1771 1858 1792 0
f 1862 1771 1880 1807 0
m 1877 1771 1924 1794 0
a 1925 1771 1944 1792 0
r 1945 1771 1960 1792 0
e 1961 1771 1979 1792 0
d 1998 1770 2021 1807 0
i 2023 1771 2033 1804 0
s 2036 1771 2049 1792 0
t 2053 1771 2066 1794 0
r 2068 1771 2083 1792 0
i 2085 1771 2094 1805 0
b 2097 1771 2119 1807 0
u 2123 1770 2146 1792 0
— 2148 1780 2161 1784 0
t 831 1666 844 1690 0
i 846 1667 856 1700 0
o 859 1666 880 1688 0
n 884 1666 907 1688 0
, 911 1661 918 1673 0
a 938 1666 957 1687 0
l 958 1667 968 1703 0
t 971 1666 984 1690 0
h 985 1667 1009 1703 0
o 1012 1666 1033 1687 0
u 1036 1666 1060 1687 0
g 1061 1654 1083 1687 0
h 1084 1667 1107 1703 0
m 1125 1667 1162 1688 0
o 1165 1666 1186 1688 0
d 1189 1666 1212 1702 0
u 1215 1666 1238 1687 0
l 1240 1667 1250 1703 0
a 1253 1666 1271 1687 0
r 1273 1667 1287 1688 0
p 1304 1654 1326 1688 0
r 1330 1667 1345 1688 0
o 1346 1666 1367 1687 0
g 1370 1653 1392 1688 0
r 1394 1667 1408 1688 0
a 1410 1666 1429 1687 0
m 1430 1667 1467 1688 0
d 1485 1666 1508 1703 0
e 1510 1666 1527 1687 0
s 1530 1666 1543 1687 0
i 1546 1667 1556 1700 0
g 1559 1653 1580 1687 0
n 1581 1667 1605 1688 0
a 1623 1666 1642 1687 0
n 1643 1667 1667 1688 0
d 1670 1666 1693 1703 0
e 1710 1666 1727 1687 0
n 1730 1667 1754 1688 0
t 1756 1666 1770 1690 0
e 1772 1666 1789 1687 0
r 1792 1667 1806 1688 0
p 1808 1654 1830 1688 0
r 1834 1667 1849 1688 0
i 1851 1667 1860 1700 0
s 1863 1666 1876 1688 0
e 1880 1666 1897 1688 0
m 1915 1667 1951 1688 0
a 1954 1666 1973 1687 0
n 1974 1667 1998 1688 0
a 2001 1666 2020 1687 0
g 2021 1653 2042 1687 0
e 2043 1666 2061 1687 0
m 2063 1666 2100 1688 0
e 2103 1666 2120 1688 0
n 2123 1667 2146 1688 0
t 2149 1667 2162 1690 0
s 831 1562 844 1583 0
o 847 1562 868 1583 0
f 872 1562 890 1599 0
m 887 1562 933 1586 0
a 935 1562 953 1583 0
r 955 1562 970 1584 0
e 971 1562 988 1583 0
m 1003 1562 1040 1583 0
a 1043 1562 1062 1583 0
y 1062 1550 1084 1583 0
b 1098 1562 1119 1598 0
r 1123 1562 1138 1583 0
e 1139 1562 1156 1583 0
a 1159 1562 1177 1583 0
k 1179 1562 1202 1598 0
t 1216 1562 1229 1586 0
h 1230 1562 1254 1598 0
a 1257 1562 1275 1583 0
t 1277 1562 1290 1586 0
c 1305 1562 1323 1583 0
y 1324 1550 1346 1583 0
c 1346 1562 1364 1583 0
l 1366 1562 1376 1598 0
e 1379 1562 1396 1583 0
. 1400 1562 1406 1568 0
M 1423 1562 1466 1596 0
e 1468 1562 1486 1583 0
a 1488 1562 1507 1583 0
n 1509 1562 1532 1584 0
w 1533 1562 1567 1583 0
h 1567 1562 1591 1598 0
i 1594 1562 1603 1596 0
l 1606 1562 1616 1599 0
e 1619 1562 1636 1583 0
, 1640 1557 1647 1569 0
I 1664 1562 1677 1596 0
T 1679 1562 1711 1597 0
d 1726 1562 1750 1598 0
e 1752 1562 1769 1583 0
p 1771 1549 1794 1584 0
a 1797 1562 1816 1583 0
r 1818 1562 1832 1584 0
t 1835 1562 1848 1586 0
m 1850 1562 1887 1584 0
e 1889 1562 1907 1583 0
n 1910 1562 1933 1584 0
t 1936 1562 1949 1586 0
s 1951 1562 1964 1583 0
t 1980 1562 1993 1586 0
h 1995 1562 2019 1598 0
a 2021 1562 2040 1583 0
t 2042 1562 2055 1586 0
w 2067 1562 2101 1583 0
a 2102 1562 2121 1583 0
n 2123 1562 2146 1583 0
t 2149 1562 2162 1586 0
t 831 1457 845 1481 0
o 847 1457 867 1478 0
m 884 1458 920 1479 0
a 924 1457 942 1478 0
n 944 1458 967 1479 0
a 970 1458 989 1479 0
g 990 1445 1011 1479 0
e 1013 1458 1030 1479 0
t 1046 1457 1059 1481 0
h 1060 1458 1084 1494 0
e 1087 1457 1104 1478 0
d 1120 1457 1143 1494 0
i 1146 1458 1155 1491 0
s 1158 1457 1171 1478 0
t 1175 1457 1188 1481 0
r 1190 1458 1205 1479 0
i 1207 1458 1216 1491 0
b 1219 1457 1241 1494 0
u 1245 1457 1268 1478 0
t 1270 1457 1283 1481 0
i 1285 1458 1296 1491 0
o 1298 1457 1319 1478 0
n 1323 1458 1346 1479 0
a 1362 1457 1381 1478 0
n 1382 1458 1405 1479 0
d 1409 1457 1432 1494 0
c 1447 1457 1465 1478 0
o 1467 1457 1488 1478 0
n 1492 1458 1515 1479 0
ﬁ 1518 1458 1542 1494 0
g 1545 1444 1566 1478 0
u 1568 1457 1591 1478 0
r 1594 1458 1608 1479 0
a 1610 1457 1629 1478 0
t 1631 1457 1644 1481 0
i 1646 1458 1656 1491 0
o 1659 1457 1679 1479 0
n 1683 1458 1707 1479 0
o 1722 1457 1743 1478 0
f 1746 1458 1765 1494 0
s 1774 1457 1788 1478 0
o 1791 1457 1811 1478 0
f 1815 1458 1833 1494 0
m 1830 1457 1877 1481 0
a 1878 1457 1897 1479 0
r 1899 1458 1913 1479 0
e 1915 1458 1932 1479 0
a 1948 1458 1966 1479 0
c 1968 1457 1986 1478 0
r 1988 1458 2003 1479 0
o 2004 1457 2025 1478 0
s 2028 1457 2042 1478 0
s 2044 1457 2058 1478 0
t 2074 1457 2087 1481 0
h 2089 1458 2113 1494 0
e 2115 1457 2132 1479 0
i 2135 1458 2145 1491 0
r 2148 1458 2163 1479 0
n 831 1353 855 1375 0
e 857 1353 875 1374 0
m 878 1353 925 1377 0
o 926 1353 947 1374 0
r 951 1353 965 1375 0
k 966 1354 990 1390 0
s 991 1353 1004 1374 0
a 1022 1353 1041 1374 0
r 1043 1353 1057 1375 0
e 1059 1353 1076 1374 0
s 1094 1353 1107 1374 0
e 1110 1353 1127 1374 0
a 1130 1353 1149 1374 0
r 1151 1354 1165 1375 0
c 1167 1353 1185 1374 0
h 1186 1354 1210 1390 0
i 1213 1354 1222 1387 0
n 1225 1354 1249 1375 0
g 1251 1340 1272 1374 0
f 1289 1353 1307 1390 0
o 1304 1353 1324 1374 0
r 1328 1353 1343 1375 0
a 1360 1353 1379 1374 0
n 1380 1353 1403 1375 0
a 1422 1353 1440 1374 0
c 1442 1353 1460 1374 0
c 1462 1353 1480 1374 0
e 1482 1353 1499 1374 0
p 1501 1341 1524 1375 0
t 1528 1353 1541 1377 0
a 1543 1353 1561 1374 0
b 1563 1353 1585 1390 0
l 1588 1353 1598 1390 0
e 1600 1353 1618 1375 0
b 1636 1353 1657 1390 0
d 1661 1353 1691 1389 0
a 1693 1353 1712 1374 0
n 1714 1354 1737 1375 0
c 1740 1353 1758 1374 0
e 1760 1353 1777 1374 0
o 1795 1353 1816 1374 0
f 1820 1353 1838 1390 0
c 1849 1353 1867 1374 0
o 1869 1353 1890 1374 0
n 1894 1353 1917 1375 0
t 1920 1353 1933 1377 0
r 1936 1354 1951 1375 0
o 1952 1353 1973 1374 0
l 1976 1354 1986 1390 0
, 1990 1348 1997 1360 0
r 2017 1353 2031 1375 0
e 2033 1353 2050 1374 0
l 2052 1353 2062 1390 0
i 2065 1353 2075 1387 0
a 2078 1353 2097 1374 0
b 2098 1353 2120 1390 0
i 2124 1353 2133 1387 0
l 2136 1354 2146 1390 0
- 2149 1362 2161 1366 0
i 832 1249 841 1282 0
W 844 1237 880 1273 0
: 879 1244 885 1256 0
a 904 1249 923 1270 0
n 925 1249 948 1270 0
d 951 1249 974 1285 0
s 990 1249 1004 1270 0
p 1006 1236 1029 1270 0
e 1032 1249 1050 1270 0
e 1052 1249 1069 1270 0
d 1072 1248 1096 1285 0
. 1099 1249 1105 1254 0
D 1125 1249 1159 1283 0
i 1163 1249 1172 1283 0
s 1175 1249 1189 1270 0
t 1192 1249 1205 1273 0
r 1208 1249 1222 1270 0
i 1224 1249 1234 1283 0
b 1237 1249 1258 1285 0
u 1262 1249 1285 1270 0
t 1288 1249 1301 1272 0
i 1303 1249 1313 1282 0
n 1316 1249 1339 1270 0
g 1342 1236 1363 1270 0
a 1379 1249 1397 1270 0
p 1399 1236 1421 1271 0
p 1424 1236 1446 1271 0
l 1449 1249 1460 1285 0
i 1463 1249 1472 1283 0
c 1475 1249 1493 1270 0
a 1495 1249 1514 1270 0
t 1516 1249 1529 1272 0
i 1531 1249 1541 1283 0
o 1544 1249 1565 1270 0
n 1569 1249 1592 1270 0
ﬁ 1609 1249 1633 1285 0
l 1636 1249 1646 1285 0
e 1648 1249 1666 1270 0
s 1668 1249 1681 1270 0
o 1699 1249 1720 1270 0
n 1723 1249 1747 1271 0
i 1764 1249 1774 1283 0
n 1777 1249 1800 1270 0
d 1803 1249 1827 1285 0
i 1829 1249 1838 1283 0
v 1840 1249 1862 1270 0
i 1864 1249 1873 1283 0
d 1876 1249 1900 1285 0
u 1902 1249 1925 1270 0
a 1928 1249 1946 1270 0
l 1947 1249 1957 1285 0
P 1975 1249 1999 1283 0
C 2002 1249 2034 1283 0
s 2036 1249 2050 1270 0
m 2068 1249 2104 1270 0
u 2107 1249 2147 1270 0
— 2149 1258 2162 1262 0
i 832 1145 841 1178 0
m 844 1145 881 1166 0
i 884 1145 894 1179 0
z 896 1145 914 1166 0
e 915 1145 932 1166 0
s 935 1145 948 1166 0
n 971 1145 994 1166 0
e 997 1145 1015 1166 0
m 1017 1145 1065 1169 0
o 1066 1144 1087 1166 0
r 1091 1145 1105 1166 0
k 1106 1145 1130 1181 0
p 1150 1132 1173 1167 0
e 1176 1145 1193 1166 0
r 1196 1145 1211 1166 0
f 1213 1145 1232 1181 0
o 1228 1145 1248 1166 0
r 1252 1145 1267 1166 0
m 1268 1145 1305 1166 0
a 1308 1145 1327 1166 0
n 1328 1145 1351 1166 0
c 1354 1145 1373 1166 0
e 1375 1145 1392 1166 0
, 1396 1139 1402 1152 0
b 1427 1145 1449 1181 0
u 1452 1144 1475 1166 0
t 1478 1145 1491 1169 0
m 1513 1145 1549 1166 0
a 1552 1145 1571 1166 0
k 1572 1145 1596 1181 0
e 1597 1145 1614 1166 0
s 1616 1145 1629 1166 0
i 1653 1145 1662 1179 0
t 1666 1145 1679 1169 0
m 1701 1145 1737 1166 0
u 1740 1144 1764 1166 0
c 1766 1145 1784 1166 0
h 1785 1145 1809 1181 0
m 1832 1145 1868 1166 0
o 1871 1145 1892 1166 0
r 1896 1145 1910 1166 0
e 1912 1145 1929 1166 0
d 1951 1145 1975 1181 0
i 1977 1145 1987 1179 0
f 1990 1145 2008 1181 0
ﬁ 2004 1145 2029 1181 0
c 2032 1145 2050 1166 0
u 2052 1144 2075 1166 0
l 2077 1145 2087 1181 0
t 2090 1145 2103 1169 0
t 2125 1145 2138 1169 0
o 2141 1145 2161 1166 0
e 831 1040 849 1061 0
n 852 1040 874 1062 0
f 878 1040 896 1077 0
o 892 1040 913 1061 0
r 917 1040 931 1061 0
c 933 1040 951 1061 0
e 953 1040 970 1061 0
c 987 1040 1005 1061 0
o 1007 1040 1028 1061 0
n 1031 1040 1054 1061 0
ﬁ 1058 1040 1082 1076 0
g 1085 1027 1106 1061 0
u 1108 1039 1131 1061 0
r 1134 1040 1148 1061 0
a 1150 1040 1168 1061 0
t 1170 1040 1183 1064 0
i 1186 1040 1195 1074 0
o 1198 1040 1219 1061 0
n 1223 1040 1246 1061 0
s 1262 1040 1276 1061 0
t 1279 1040 1292 1064 0
a 1294 1040 1313 1061 0
n 1315 1040 1337 1061 0
d 1341 1039 1364 1076 0
a 1366 1040 1385 1061 0
r 1387 1040 1401 1061 0
d 1402 1039 1426 1076 0
s 1428 1040 1441 1061 0
a 1458 1040 1477 1061 0
n 1478 1040 1502 1061 0
d 1504 1039 1528 1076 0
m 1544 1040 1580 1061 0
a 1583 1040 1602 1061 0
i 1604 1040 1613 1074 0
n 1617 1040 1640 1062 0
t 1643 1040 1656 1064 0
a 1658 1040 1677 1061 0
i 1679 1040 1688 1074 0
n 1692 1040 1715 1061 0
c 1731 1040 1750 1061 0
o 1751 1040 1772 1061 0
n 1776 1040 1800 1061 0
t 1803 1040 1816 1063 0
r 1818 1040 1833 1061 0
o 1834 1040 1855 1061 0
l 1858 1040 1868 1076 0
. 1873 1040 1878 1046 0
P 1898 1040 1921 1074 0
l 1924 1040 1934 1077 0
a 1937 1040 1956 1061 0
c 1957 1040 1976 1061 0
i 1978 1040 1987 1074 0
n 1990 1040 2013 1061 0
g 2016 1027 2037 1061 0
a 2052 1040 2071 1061 0
p 2073 1027 2095 1061 0
p 2098 1027 2120 1062 0
l 2124 1040 2133 1076 0
i 2136 1040 2146 1074 0
— 2149 1049 2162 1053 0
c 832 935 850 957 0
a 852 936 871 957 0
t 872 936 885 959 0
i 888 936 897 969 0
o 900 935 921 957 0
n 925 936 948 957 0
ﬁ 965 936 990 972 0
l 992 936 1002 972 0
e 1005 936 1023 957 0
s 1025 935 1038 957 0
i 1056 936 1066 969 0
n 1069 936 1092 957 0
a 1110 935 1128 957 0
f 1144 936 1163 972 0
e 1159 936 1176 957 0
w 1177 936 1211 956 0
c 1226 936 1245 957 0
e 1246 936 1264 957 0
n 1266 936 1290 957 0
t 1293 936 1306 959 0
r 1308 936 1323 957 0
d 1325 936 1354 972 0
l 1371 936 1381 972 0
o 1384 935 1405 957 0
c 1408 936 1427 957 0
a 1429 936 1447 957 0
t 1449 936 1462 959 0
i 1465 936 1475 969 0
o 1477 936 1498 957 0
n 1502 936 1525 957 0
s 1528 936 1541 956 0
g 1558 923 1580 956 0
i 1581 936 1591 969 0
v 1592 936 1614 956 0
e 1615 936 1633 957 0
s 1635 935 1648 957 0
a 1666 936 1685 957 0
n 1686 936 1709 957 0
I 1727 936 1740 969 0
T 1743 936 1775 970 0
d 1792 935 1815 972 0
e 1817 936 1834 957 0
p 1837 923 1859 958 0
a 1862 936 1881 957 0
r 1883 936 1898 957 0
t 1900 936 1913 959 0
m 1915 936 1952 957 0
e 1955 936 1972 957 0
n 1975 936 1998 957 0
t 2001 936 2015 959 0
s 2031 936 2044 957 0
i 2047 936 2057 969 0
g 2060 923 2081 957 0
n 2083 936 2106 957 0
i 2109 936 2119 969 0
ﬁ 2122 936 2146 972 0
— 2149 945 2162 949 0
c 832 831 849 852 0
a 852 831 870 852 0
n 872 832 895 853 0
t 899 831 912 855 0
c 932 831 951 852 0
o 952 831 973 852 0
n 977 832 1001 853 0
t 1003 831 1017 855 0
r 1019 832 1034 853 0
o 1035 831 1056 852 0
l 1059 832 1069 867 0
o 1091 831 1112 852 0
v 1113 831 1134 852 0
e 1136 831 1153 852 0
r 1156 832 1170 853 0
s 1191 831 1204 852 0
o 1207 831 1228 852 0
f 1231 832 1250 868 0
m 1246 831 1293 855 0
a 1295 831 1313 852 0
r 1315 832 1330 853 0
e 1331 831 1348 852 0
c 1370 831 1388 853 0
o 1390 831 1410 853 0
n 1414 832 1438 853 0
ﬁ 1440 832 1465 868 0
g 1468 819 1489 852 0
u 1490 831 1514 852 0
r 1516 832 1531 853 0
a 1533 831 1552 852 0
t 1553 831 1566 855 0
i 1568 832 1578 865 0
o 1581 831 1602 853 0
n 1606 832 1629 853 0
b 1651 831 1672 868 0
u 1676 831 1699 852 0
t 1701 831 1715 855 0
m 1736 832 1773 853 0
a 1775 831 1794 852 0
y 1794 820 1817 852 0
d 1837 831 1860 868 0
e 1862 831 1879 853 0
g 1881 819 1903 853 0
r 1904 832 1919 853 0
a 1921 832 1940 853 0
d 1941 831 1965 868 0
e 1967 831 1984 852 0
n 2006 832 2029 853 0
e 2032 831 2049 853 0
m 2052 831 2099 855 0
o 2100 831 2121 853 0
r 2125 832 2140 853 0
k 2141 832 2164 868 0
p 831 715 854 749 0
e 857 727 874 748 0
r 877 727 892 749 0
f 894 728 913 764 0
o 909 727 930 748 0
r 933 728 948 749 0
m 950 728 987 749 0
a 989 727 1008 748 0
n 1009 728 1033 749 0
c 1036 727 1054 748 0
e 1056 727 1073 748 0
a 1090 727 1108 748 0
n 1110 728 1133 748 0
d 1136 727 1160 763 0
l 1175 728 1185 763 0
e 1188 727 1205 748 0
a 1208 727 1227 748 0
d 1228 727 1252 763 0
t 1268 727 1281 751 0
o 1283 727 1304 748 0
u 1322 727 1344 748 0
s 1346 727 1360 748 0
e 1363 727 1380 748 0
r 1383 728 1398 749 0
d 1413 727 1437 764 0
i 1439 728 1449 761 0
s 1451 727 1465 748 0
s 1467 727 1481 748 0
a 1484 727 1503 748 0
t 1505 727 1518 751 0
i 1520 728 1530 761 0
s 1532 727 1546 748 0
f 1549 728 1568 764 0
a 1563 727 1582 748 0
c 1584 727 1602 748 0
t 1604 727 1617 751 0
i 1620 728 1629 761 0
o 1632 727 1653 748 0
n 1657 728 1680 749 0
. 1685 727 1690 733 0
~ 199 687 2164 692 0
~ 160 206 164 1911 0
A 248 623 279 656 0
s 280 623 293 643 0
t 320 623 332 646 0
h 333 623 356 658 0
e 358 623 375 643 0
c 401 623 418 643 0
o 420 623 440 643 0
m 443 623 478 644 0
p 481 611 502 644 0
o 505 623 525 643 0
n 529 623 551 644 0
e 554 623 571 643 0
n 573 623 595 643 0
t 598 623 611 646 0
s 612 623 625 643 0
a 652 623 669 643 0
n 672 623 693 644 0
d 696 623 719 658 0
s 744 623 756 643 0
o 759 623 780 643 0
f 783 623 801 658 0
m 797 623 842 646 0
a 843 623 861 643 0
r 863 623 877 643 0
e 878 623 895 643 0
i 921 623 930 655 0
n 933 623 955 644 0
c 982 623 999 643 0
o 1001 623 1021 643 0
r 1024 623 1039 643 0
p 1040 611 1061 644 0
o 1064 623 1085 643 0
r 1088 623 1102 643 0
a 1104 623 1122 643 0
t 1124 623 1136 645 0
e 1138 623 1155 643 0
n 201 571 223 591 0
e 226 571 242 591 0
m 245 571 290 593 0
o 291 570 311 591 0
r 315 571 329 591 0
k 329 571 352 605 0
s 353 570 366 591 0
b 385 570 406 605 0
e 408 570 425 591 0
c 428 570 445 591 0
o 447 570 467 591 0
m 471 571 505 591 0
e 508 571 525 591 0
i 543 571 553 603 0
n 556 571 578 591 0
c 581 570 598 591 0
r 600 571 614 591 0
e 615 570 632 591 0
a 634 570 652 591 0
s 653 570 666 591 0
i 670 571 679 603 0
n 682 571 704 591 0
g 707 558 728 591 0
l 728 571 738 605 0
y 739 559 761 590 0
c 778 570 795 591 0
o 797 570 817 591 0
m 820 571 856 591 0
p 858 558 879 592 0
l 882 571 892 605 0
e 894 570 911 591 0
x 912 571 932 590 0
, 936 565 942 577 0
s 962 570 975 591 0
i 978 571 988 603 0
m 990 571 1026 591 0
p 1028 558 1050 591 0
l 1052 571 1062 605 0
i 1065 571 1074 603 0
ﬁ 1077 571 1100 605 0
c 1103 570 1121 591 0
a 1122 570 1140 591 0
— 1142 579 1154 583 0
t 201 518 213 541 0
i 216 519 225 551 0
o 229 518 249 539 0
n 253 519 276 539 0
o 309 518 329 538 0
f 333 519 351 553 0
t 378 518 390 541 0
h 392 518 415 553 0
e 418 518 435 538 0
i 438 519 447 551 0
r 451 519 465 539 0
m 498 519 533 539 0
a 536 518 554 538 0
n 556 518 579 539 0
a 582 518 600 538 0
g 602 506 622 538 0
e 624 518 641 538 0
m 644 518 679 539 0
e 683 518 699 538 0
n 703 518 725 539 0
t 729 518 741 541 0
a 774 518 792 538 0
n 794 519 816 539 0
d 820 518 842 553 0
a 875 518 893 538 0
d 895 518 917 553 0
m 921 518 956 539 0
i 959 518 969 551 0
n 972 518 995 539 0
i 998 519 1008 550 0
s 1010 518 1024 538 0
t 1027 518 1040 541 0
r 1043 518 1057 539 0
a 1059 518 1077 538 0
t 1080 518 1092 541 0
i 1095 518 1104 551 0
o 1108 518 1128 538 0
n 1132 518 1154 539 0
b 201 466 221 501 0
e 225 466 241 487 0
c 244 466 261 486 0
o 263 466 283 486 0
m 286 467 321 487 0
e 324 466 340 486 0
s 343 466 355 486 0
e 374 466 391 486 0
s 393 466 406 486 0
s 408 466 421 486 0
e 424 466 441 487 0
n 444 467 466 487 0
t 469 466 481 489 0
i 483 467 493 498 0
d 496 466 524 501 0
. 528 466 534 472 0
T 554 467 584 500 0
h 586 466 608 501 0
e 611 466 628 486 0
n 646 466 668 487 0
e 672 466 688 486 0
m 691 466 736 489 0
o 737 466 757 486 0
r 760 466 775 487 0
k 775 467 798 501 0
— 799 475 812 479 0
a 815 466 833 486 0
t 834 466 847 489 0
t 849 466 862 489 0
a 864 466 881 486 0
c 883 466 900 486 0
h 902 466 924 501 0
e 927 466 944 486 0
d 946 466 968 501 0
P 987 467 1010 499 0
C 1013 466 1044 499 0
h 1062 466 1084 501 0
a 1087 466 1105 486 0
s 1106 466 1119 486 0
a 1138 466 1156 486 0
h 200 414 223 449 0
i 226 414 235 447 0
g 237 402 258 434 0
h 258 415 281 449 0
c 307 414 325 434 0
o 326 414 346 434 0
s 349 414 362 434 0
t 365 414 378 437 0
o 403 414 423 434 0
f 427 414 444 449 0
o 464 414 484 434 0
w 485 414 517 434 0
n 519 414 541 435 0
e 544 414 560 434 0
r 563 414 577 435 0
s 578 414 591 434 0
h 594 414 616 449 0
i 619 414 628 446 0
p 631 402 652 435 0
; 657 409 663 434 0
C 694 414 725 447 0
I 721 414 742 447 0
O 742 414 773 447 0
M 795 414 842 446 0
a 838 414 859 435 0
g 856 402 881 434 0
a 878 414 898 436 0
z 898 413 920 434 0
i 920 414 933 446 0
n 934 414 954 434 0
e 957 414 973 434 0
h 997 414 1019 449 0
a 1022 414 1040 434 0
s 1041 414 1054 434 0
e 1080 414 1097 434 0
s 1099 414 1112 434 0
t 1115 414 1128 437 0
i 1130 414 1139 447 0
- 1142 423 1154 427 0
m 201 362 236 383 0
a 238 362 256 382 0
t 258 362 271 385 0
e 272 362 289 382 0
d 291 362 314 397 0
t 331 362 343 385 0
h 345 362 367 397 0
e 370 362 387 382 0
c 404 362 421 382 0
o 423 362 443 382 0
s 446 362 459 382 0
t 462 362 475 385 0
t 492 362 504 385 0
o 506 362 526 382 0
b 544 362 565 397 0
e 569 362 585 382 0
$ 603 358 622 397 0
1 631 362 643 393 0
0 651 362 671 393 0
, 676 357 682 369 0
0 687 362 707 393 0
0 711 362 731 393 0
0 735 362 755 393 0
p 773 350 795 383 0
e 798 362 815 382 0
r 817 362 831 382 0
d 848 361 870 397 0
e 872 362 889 382 0
s 891 362 904 382 0
k 907 362 929 397 0
t 931 362 943 385 0
o 945 362 965 382 0
p 968 350 990 383 0
p 1007 350 1029 383 0
e 1032 362 1049 382 0
r 1052 362 1065 382 0
y 1081 350 1102 382 0
e 1103 362 1120 382 0
a 1122 362 1140 382 0
r 1142 362 1156 383 0
[ 205 303 213 343 0
3 216 308 236 341 0
, 241 305 248 316 0
4 267 310 288 344 0
] 291 303 300 343 0
. 309 310 314 315 0
T 333 310 364 343 0
h 366 310 388 345 0
e 391 310 407 330 0
c 426 310 443 330 0
o 445 310 465 330 0
s 467 310 481 330 0
t 484 310 496 332 0
s 498 310 511 330 0
o 529 310 550 330 0
f 553 310 570 345 0
a 582 310 600 330 0
n 618 310 640 330 0
e 642 310 659 330 0
m 662 310 707 332 0
o 708 310 728 330 0
r 732 310 746 330 0
k 747 310 769 345 0
- 770 319 783 322 0
a 786 310 804 330 0
t 805 310 818 332 0
t 820 310 833 332 0
a 835 310 853 330 0
c 854 310 872 330 0
h 873 310 895 344 0
e 898 310 915 330 0
d 917 309 940 344 0
P 958 310 981 342 0
C 984 310 1015 343 0
m 1033 310 1068 330 0
o 1071 310 1091 330 0
s 1094 310 1107 330 0
t 1110 310 1123 332 0
l 1124 310 1133 345 0
y 1135 298 1156 330 0
c 201 258 218 278 0
o 220 258 240 278 0
v 241 258 262 278 0
e 263 258 280 278 0
r 283 258 296 278 0
m 310 258 345 278 0
a 348 258 366 278 0
i 368 258 377 290 0
n 380 258 402 278 0
t 405 258 418 280 0
e 420 258 436 278 0
n 439 258 461 278 0
a 464 258 482 278 0
n 484 258 505 278 0
c 509 258 526 278 0
e 528 258 544 278 0
, 548 253 554 264 0
n 572 258 594 278 0
o 596 257 617 278 0
t 620 258 632 280 0
i 647 258 656 290 0
n 660 258 682 278 0
s 684 258 697 278 0
t 700 258 713 281 0
a 715 258 733 278 0
l 734 258 743 292 0
l 746 258 755 292 0
a 758 258 776 278 0
t 777 258 790 280 0
i 792 258 802 290 0
o 805 258 825 278 0
n 828 258 850 278 0
o 866 257 886 278 0
r 890 258 903 278 0
a 918 258 936 278 0
c 937 258 955 278 0
t 957 258 969 280 0
u 971 257 994 278 0
a 996 258 1014 278 0
l 1015 258 1025 292 0
l 1027 258 1036 292 0
y 1037 246 1059 277 0
b 1072 257 1093 292 0
u 1097 257 1119 278 0
y 1120 246 1141 278 0
- 1142 266 1154 270 0
i 1208 623 1217 655 0
n 1220 623 1242 643 0
g 1245 610 1265 643 0
t 1278 623 1290 645 0
h 1291 623 1314 657 0
e 1317 623 1334 643 0
e 1347 623 1364 643 0
q 1366 611 1388 643 0
u 1391 623 1412 643 0
i 1415 623 1424 656 0
p 1427 611 1448 644 0
m 1452 623 1487 644 0
e 1489 623 1506 643 0
n 1508 623 1531 643 0
t 1534 623 1546 646 0
. 1550 623 1555 629 0
T 1570 623 1601 657 0
h 1603 623 1625 658 0
e 1628 623 1644 643 0
s 1646 623 1659 643 0
e 1662 623 1679 643 0
c 1693 623 1710 643 0
o 1712 623 1732 643 0
s 1735 623 1748 643 0
t 1751 623 1764 646 0
s 1765 623 1778 643 0
c 1792 623 1809 643 0
a 1812 623 1829 643 0
n 1831 623 1853 644 0
b 1867 623 1888 658 0
e 1891 623 1908 643 0
c 1921 623 1939 643 0
u 1941 622 1963 643 0
t 1966 623 1978 646 0
b 1991 623 2012 657 0
y 2014 611 2035 643 0
r 2048 623 2061 643 0
e 2063 623 2079 643 0
d 2082 622 2104 658 0
u 2107 623 2128 643 0
c 2131 623 2148 643 0
- 2150 632 2162 636 0
i 1208 571 1217 603 0
n 1220 571 1242 591 0
g 1245 558 1265 591 0
t 1281 570 1294 593 0
h 1295 571 1318 605 0
e 1320 570 1337 591 0
n 1354 571 1376 591 0
u 1380 570 1401 591 0
m 1404 571 1439 591 0
b 1442 570 1463 605 0
e 1466 571 1483 591 0
r 1485 571 1499 591 0
o 1515 570 1536 591 0
f 1539 571 1557 605 0
h 1567 571 1589 605 0
o 1592 570 1612 591 0
u 1616 570 1638 590 0
r 1640 571 1654 591 0
s 1656 570 1668 591 0
s 1686 570 1699 591 0
p 1701 559 1723 591 0
e 1726 570 1743 591 0
n 1745 571 1768 591 0
t 1770 570 1783 593 0
o 1800 570 1820 591 0
n 1824 571 1845 591 0
n 1863 571 1885 591 0
e 1888 571 1905 591 0
m 1908 570 1953 593 0
o 1954 570 1974 591 0
r 1977 571 1991 591 0
k 1992 571 2015 605 0
a 2031 570 2048 591 0
d 2050 570 2072 605 0
m 2075 571 2110 591 0
i 2113 571 2122 603 0
n 2125 571 2147 591 0
— 2150 579 2162 583 0
i 1208 519 1217 551 0
s 1219 518 1232 538 0
t 1236 518 1248 541 0
r 1250 518 1264 539 0
a 1266 518 1284 538 0
t 1286 518 1298 541 0
i 1300 518 1310 550 0
o 1313 518 1333 538 0
n 1336 518 1358 539 0
t 1391 518 1403 541 0
a 1405 518 1423 538 0
s 1424 518 1437 539 0
k 1440 518 1476 553 0
l 1508 519 1517 553 0
i 1520 518 1529 551 0
k 1532 519 1554 553 0
e 1556 518 1572 538 0
i 1604 518 1613 551 0
m 1616 518 1651 539 0
p 1654 506 1675 539 0
l 1678 519 1688 553 0
e 1690 518 1707 538 0
m 1709 519 1745 539 0
e 1747 518 1764 538 0
n 1766 518 1789 539 0
t 1792 518 1804 541 0
i 1807 518 1816 551 0
n 1819 518 1841 539 0
g 1844 506 1864 539 0
n 1895 519 1917 539 0
e 1920 518 1937 539 0
w 1937 518 1970 538 0
s 2000 518 2013 538 0
o 2016 518 2036 538 0
f 2039 519 2057 553 0
m 2053 518 2098 541 0
a 2100 518 2118 538 0
r 2120 519 2133 539 0
e 2135 518 2151 539 0
, 2155 514 2161 525 0
d 1208 466 1230 501 0
i 1233 467 1243 498 0
s 1246 466 1259 486 0
t 1263 466 1276 489 0
r 1279 467 1293 487 0
i 1296 466 1305 498 0
b 1309 466 1330 501 0
u 1334 466 1356 486 0
t 1360 466 1372 489 0
i 1376 467 1385 499 0
n 1389 466 1411 487 0
g 1414 454 1435 487 0
n 1475 466 1498 487 0
e 1502 466 1518 486 0
w 1520 466 1553 486 0
s 1592 466 1605 486 0
o 1609 466 1629 486 0
f 1634 466 1651 501 0
t 1649 466 1661 489 0
w 1663 466 1695 486 0
a 1697 466 1715 486 0
r 1718 467 1732 487 0
e 1734 466 1750 486 0
v 1791 466 1811 486 0
e 1814 466 1830 486 0
r 1834 466 1848 487 0
s 1850 466 1863 487 0
i 1867 467 1876 499 0
o 1880 466 1901 487 0
n 1905 467 1927 487 0
s 1931 466 1943 487 0
, 1949 461 1955 473 0
a 1999 466 2017 486 0
p 2019 454 2040 487 0
p 2044 454 2066 487 0
l 2069 466 2079 501 0
y 2082 455 2103 486 0
i 2105 467 2114 499 0
n 2118 467 2140 487 0
g 2144 454 2164 487 0
p 1207 402 1229 435 0
a 1232 414 1250 434 0
t 1252 414 1264 437 0
c 1266 414 1284 434 0
h 1285 414 1307 449 0
e 1310 414 1327 434 0
s 1329 414 1342 434 0
, 1346 409 1352 421 0
a 1383 414 1401 434 0
n 1403 414 1425 435 0
d 1428 414 1450 449 0
t 1479 414 1491 437 0
r 1493 415 1507 435 0
o 1509 414 1529 434 0
u 1533 414 1554 434 0
b 1557 414 1578 449 0
l 1580 414 1590 449 0
e 1593 414 1609 434 0
s 1611 414 1624 434 0
h 1627 414 1649 449 0
o 1652 414 1672 434 0
o 1675 414 1696 434 0
t 1699 414 1712 437 0
i 1714 415 1723 447 0
n 1726 414 1749 435 0
g 1751 402 1772 434 0
p 1799 402 1820 435 0
r 1824 414 1838 435 0
o 1839 414 1859 434 0
b 1863 414 1883 449 0
l 1886 414 1896 449 0
e 1898 414 1915 434 0
m 1917 414 1953 435 0
s 1955 414 1968 434 0
w 1995 414 2028 434 0
i 2029 414 2038 447 0
t 2042 414 2054 437 0
h 2056 414 2078 449 0
t 2107 414 2120 437 0
h 2121 414 2144 449 0
e 2147 414 2163 434 0
i 1208 362 1217 394 0
n 1220 362 1242 382 0
d 1245 362 1268 397 0
i 1270 362 1279 394 0
v 1280 362 1301 382 0
i 1303 362 1312 394 0
d 1315 361 1337 397 0
u 1340 362 1362 382 0
a 1364 362 1382 382 0
l 1383 362 1392 397 0
s 1417 362 1430 382 0
o 1433 362 1453 382 0
f 1456 362 1474 397 0
m 1471 362 1516 385 0
a 1517 362 1535 382 0
r 1536 362 1550 382 0
e 1552 362 1568 382 0
a 1592 362 1610 382 0
p 1611 350 1633 383 0
p 1636 350 1657 383 0
l 1660 362 1669 397 0
i 1673 362 1682 394 0
c 1685 362 1702 382 0
a 1704 362 1722 382 0
t 1724 362 1736 385 0
i 1739 362 1747 394 0
o 1750 362 1771 382 0
n 1774 362 1796 382 0
s 1799 362 1812 382 0
i 1837 362 1846 394 0
n 1849 362 1871 382 0
s 1874 362 1887 382 0
t 1890 362 1903 385 0
a 1905 362 1922 382 0
l 1924 362 1933 397 0
l 1935 362 1945 397 0
e 1948 362 1964 382 0
d 1967 362 1989 397 0
o 2013 362 2033 382 0
n 2037 362 2058 383 0
e 2083 362 2100 382 0
a 2103 362 2120 382 0
c 2122 362 2139 382 0
h 2141 362 2163 397 0
w 1206 310 1238 330 0
o 1239 310 1260 330 0
r 1263 310 1277 330 0
k 1278 310 1300 344 0
s 1301 310 1314 330 0
t 1317 310 1330 332 0
a 1332 310 1350 330 0
t 1352 310 1364 332 0
i 1367 310 1375 342 0
o 1378 310 1399 330 0
n 1403 310 1424 330 0
. 1429 310 1434 315 0
C 1258 257 1289 291 0
e 1291 258 1308 278 0
n 1311 258 1333 278 0
t 1336 258 1348 280 0
r 1351 258 1365 278 0
a 1367 258 1385 278 0
l 1386 258 1395 292 0
i 1398 258 1407 290 0
z 1410 258 1427 278 0
a 1428 258 1446 278 0
t 1448 258 1461 280 0
i 1463 258 1472 290 0
o 1475 258 1495 278 0
n 1498 258 1521 278 0
o 1553 258 1573 278 0
f 1577 258 1594 293 0
a 1620 258 1638 278 0
p 1640 246 1661 279 0
p 1664 246 1685 278 0
l 1688 258 1697 292 0
i 1701 258 1710 290 0
c 1713 258 1730 278 0
a 1732 258 1750 278 0
t 1752 258 1764 280 0
i 1766 258 1776 290 0
o 1779 258 1799 278 0
n 1802 258 1824 278 0
s 1857 258 1870 278 0
o 1873 258 1893 278 0
f 1896 258 1914 293 0
m 1911 258 1956 281 0
a 1957 258 1975 278 0
r 1977 258 1990 278 0
e 1992 258 2008 278 0
i 2041 258 2050 290 0
s 2053 258 2065 278 0
o 2098 258 2118 278 0
n 2122 258 2144 278 0
e 2147 258 2164 278 0
~ 180 200 2165 213 0
J 303 83 310 105 0
u 313 88 323 101 0
n 326 88 337 101 0
e 339 88 349 101 0
Z 363 88 374 105 0
O 376 88 389 105 0
O 391 88 404 105 0
I 409 88 413 105 0
/ 418 84 431 105 0
V 432 88 447 105 0
o 447 88 460 101 0
l 462 88 465 105 0
. 468 88 471 91 0
4 480 88 493 105 0
4 494 89 507 105 0
. 509 86 513 91 0
N 522 89 538 105 0
o 540 88 552 101 0
. 555 88 558 91 0
6 567 88 578 105 0
C 595 88 610 105 0
O 611 88 629 105 0
M 631 88 650 105 0
M 653 88 672 105 0
U 675 88 692 105 0
N 695 88 713 105 0
I 716 89 721 105 0
G 724 88 757 106 0
H 755 88 776 105 0
O 778 88 796 105 0
N 798 88 816 105 0
S 818 88 829 105 0
O 836 88 854 105 0
F 856 88 868 105 0
M 874 88 907 105 0
E 910 88 922 105 0
A 930 88 948 105 0
C 948 88 963 105 0
M 965 88 984 105 0
~ 14 2 2278 17 0
~ 2181 206 2185 1911 0